JD : 2459171.74966410 ; Az : 128.928 ; El : 46.420 ; Rn :    0.0
JD : 2459171.74977984 ; Az : 128.815 ; El : 46.372 ; Rn :    0.0
JD : 2459171.74989583 ; Az : 128.702 ; El : 46.325 ; Rn :    0.0
