JD : 2459166.68156220 ; Az : 124.098 ; El : 5.103 ; Rn :    0.0
JD : 2459166.68167794 ; Az : 124.045 ; El : 5.044 ; Rn :    0.0
JD : 2459166.68179398 ; Az : 123.991 ; El : 4.984 ; Rn :    0.0
